x=1.405
y=0.543
z=-0.843
rx=0
ry=305.456
rz=0
fov=60
near=0.1
far=100
//m=-0.999059,0.015577,-0.040472,-0.0127,-0.016016,-0.999816,0.010544,0.1799,-0.040301,0.011183,0.999125,-0.0846